0.130962
0.091370
0.116246
0.152148
0.071371
0.124064
0.092349
0.117722
0.117350
0.101970
0.137389
0.105025
0.115365
0.120970
0.099055
0.000000
0.149806
0.000000
0.201515
0.106225
0.131541
0.137462
0.093895
0.137858
0.107108
0.076345
0.108147
0.000000
0.000000
0.115052
0.144239
0.118119
0.175847
0.096440
0.106434
0.145225
0.148233
0.112650
0.095739
0.114939
0.103445
0.095733
0.098800
0.104359
0.108561
0.116145
0.120307
0.127037
0.000000
0.098083
0.000000
0.113688
0.129119
0.097290
0.080351
0.096976
0.089432
0.112174
0.106410
0.090766
0.092803
0.099734
0.098261
0.114602
0.115571
0.112998
0.000000
0.116776
0.095089
0.111325
0.119751
0.000000
0.126628
0.000000
0.123377
0.140456
0.117603
0.112973
0.135786
0.101960
0.127353
0.120406
0.113081
0.131282
0.090567
0.124640
0.113124
0.000000
0.110682
0.121849
0.142763
0.127289
0.000000
0.115611
0.073483
0.138612
0.126576
0.099936
0.113456
0.222742
0.096429
0.152716
0.161178
0.141630
0.108079
0.114524
0.118218
0.112061
0.097121
0.156953
0.074378
0.155668
0.232321
0.128022
0.123713
0.112809
0.232998
0.111058
0.114455
0.194418
0.099078
0.000000
0.130704
0.162645
0.127604
0.131442
0.000000
0.145766
0.121506
0.119060
0.120801
0.087700
0.115602
0.089322
0.083238
0.000000
0.092244
0.122721
0.115995
0.101806
0.117702
0.129427
0.099732
0.046201
0.103585
0.000000
0.110710
0.116281
0.114650
0.089092
0.108514
0.134758
0.140481
0.121874
0.116239
0.097348
0.121244
0.104383
0.120184
0.070985
0.139090
0.102804
0.115046
0.117136
0.106411
0.098330
0.122319
0.106783
0.121645
0.119398
0.000000
0.117567
0.115609
0.106938
0.106906
0.000000
0.120320
0.116035
0.119414
0.000000
0.115718
0.114936
0.116819
0.106432
0.122683
0.103502
0.120636
0.131216
0.123708
0.118637
0.107082
0.119994
0.120028
0.105237
0.109446
0.115716
0.099362
0.115574
0.104603
0.120229
0.100338
0.094034
